52 52 52 52 52 52 52 52 52 52 52 52 52 52 52 52 52 52 52 52 52 52 52 52 52 52 52 52 52 52 52 52 52 52 52 52 52 52 52 52 52 52 52 52 52 52 52 52 52 52 
52 52 52 52 52 52 52 52 52 52 52 52 52 52 52 52 52 52 52 52 52 52 52 52 52 52 52 52 52 52 52 52 52 52 52 52 52 52 52 52 52 52 52 52 52 52 52 52 52 52 
52 52 52 52 52 52 52 52 52 52 52 52 52 52 52 52 52 52 52 52 52 52 52 52 52 52 52 52 52 52 52 52 52 52 52 52 52 52 52 52 52 52 52 52 52 52 52 52 52 52 
52 52 52 52 52 52 52 52 52 52 52 52 52 52 52 52 52 52 52 52 52 52 52 52 52 52 52 52 52 52 52 52 52 52 52 52 52 52 52 52 52 52 52 52 52 52 52 52 52 52 
52 52 52 52 52 52 52 52 52 52 52 52 52 52 52 52 52 52 52 52 52 52 52 52 52 52 52 52 52 52 52 52 52 52 52 52 52 52 52 52 52 52 52 52 52 52 52 52 52 52 
52 52 52 52 52 52 52 52 52 52 52 52 52 52 52 52 52 52 52 52 52 52 52 52 52 52 52 52 52 52 52 52 52 52 52 52 52 52 52 52 52 52 52 52 52 52 52 52 52 52 
52 52 52 52 52 52 52 40 40 40 40 40 40 40 40 40 40 40 40 40 40 40 40 40 40 40 40 40 40 40 40 40 40 40 40 40 40 40 40 40 40 40 40 52 52 52 52 52 52 52
52 52 52 52 52 52 52 40 39 39 40 40 40 40 40 40 40 40 40 40 40 40 40 40 40 40 40 40 40 40 40 40 40 40 40 40 40 40 40 40 40 40 40 52 52 52 52 52 52 52
52 52 52 52 52 52 52 40 39 39 40 40 40 40 40 39 39 39 39 39 39 40 40 40 40 40 40 40 40 40 40 39 39 39 39 39 39 40 40 40 40 40 40 52 52 52 52 52 52 52
52 52 52 52 52 52 52 40 40 39 40 40 40 40 39 39 39 39 39 39 39 39 40 40 40 40 40 40 40 40 39 39 39 39 40 40 39 40 40 40 40 40 40 52 52 52 52 52 52 52
52 52 52 52 52 52 52 40 40 39 39 39 39 39 39 39 39 39 39 39 39 39 40 40 40 40 39 39 39 39 39 39 39 40 40 40 39 39 40 40 40 40 40 52 52 52 52 52 52 52
52 52 52 52 52 52 52 40 40 40 40 40 40 40 39 39 39 39 39 39 39 39 40 40 40 39 39 39 39 39 39 39 40 40 40 40 40 39 40 40 40 40 40 52 52 52 52 52 52 52
52 52 52 52 52 52 52 40 40 40 40 40 40 40 40 39 39 39 39 39 39 40 40 40 39 39 39 39 39 39 40 40 40 40 40 40 40 39 39 40 40 40 40 52 52 52 52 52 52 52
52 52 52 52 52 52 52 40 40 40 40 40 40 40 40 40 40 40 39 40 40 40 40 39 39 39 39 40 40 40 40 40 40 40 40 40 39 39 39 39 40 40 40 52 52 52 52 52 52 52
52 52 52 52 52 52 52 40 40 40 40 40 40 40 40 40 40 40 39 40 40 40 39 39 39 40 40 40 40 40 40 40 40 40 40 39 39 39 39 39 40 40 40 52 52 52 52 52 52 52
52 52 52 52 52 52 52 40 40 40 40 40 40 40 40 39 39 39 39 39 40 40 39 39 39 40 40 39 40 40 40 40 40 40 40 39 39 39 39 39 39 40 40 52 52 52 52 52 52 52
52 52 52 52 52 52 52 40 40 40 40 40 40 39 39 39 40 39 39 39 40 40 39 40 40 40 40 39 40 40 40 40 40 40 39 39 39 39 39 39 39 40 40 52 52 52 52 52 52 52
52 52 52 52 52 52 52 40 39 39 40 40 40 40 40 40 40 40 39 40 40 40 39 40 40 39 39 39 39 39 40 40 39 39 39 40 40 39 39 39 40 40 40 52 52 52 52 52 52 52
52 52 52 52 52 52 52 40 39 39 39 39 39 40 40 40 40 40 39 40 40 40 39 40 40 39 39 39 39 39 40 39 39 40 40 40 40 40 39 40 40 40 40 52 52 52 52 52 52 52
52 52 52 52 52 52 52 40 39 39 39 39 39 40 40 40 40 40 39 40 40 40 39 40 40 39 39 39 39 39 39 39 40 40 40 40 40 40 39 40 40 40 40 52 52 52 52 52 52 52
52 52 52 52 52 52 52 40 39 39 39 39 39 40 40 40 40 40 39 40 40 40 39 40 40 40 39 39 39 39 40 40 40 40 40 40 40 40 39 40 40 40 40 52 52 52 52 52 52 52
52 52 52 52 52 52 52 40 39 39 39 39 39 40 40 40 40 40 39 40 40 40 39 39 40 40 40 40 40 40 40 40 40 40 40 40 40 40 39 40 40 40 40 52 52 52 52 52 52 52
52 52 52 52 52 52 52 40 40 40 39 40 40 40 40 40 40 40 39 40 39 39 39 39 40 40 40 40 40 40 40 40 40 40 40 40 40 39 39 40 40 40 40 52 52 52 52 52 52 52
52 52 52 52 52 52 52 40 40 40 39 40 40 40 40 40 40 40 39 40 40 40 40 40 40 40 40 40 40 40 40 40 40 40 40 40 40 39 39 39 39 40 40 52 52 52 52 52 52 52
52 52 52 52 52 52 52 40 40 40 39 40 40 40 39 39 39 39 39 39 39 39 40 40 40 40 40 40 40 40 40 40 40 40 39 39 39 39 39 39 39 40 40 52 52 52 52 52 52 52
52 52 52 52 52 52 52 40 40 40 39 40 40 39 39 39 39 39 39 39 39 39 39 40 40 40 40 40 40 40 40 40 39 39 39 39 39 39 39 39 39 40 40 52 52 52 52 52 52 52
52 52 52 52 52 52 52 40 40 40 39 39 39 39 39 39 39 39 39 39 39 39 39 40 40 40 40 40 40 40 40 40 39 39 39 39 39 39 39 39 39 40 40 52 52 52 52 52 52 52
52 52 52 52 52 52 52 40 40 40 39 39 39 39 39 39 39 39 39 39 39 39 39 40 40 40 40 40 40 40 40 40 39 39 39 39 39 39 39 39 39 40 40 52 52 52 52 52 52 52
52 52 52 52 52 52 52 40 40 40 40 40 40 40 39 39 39 39 39 39 39 39 39 39 39 39 39 39 39 39 39 39 39 39 39 39 39 40 40 39 39 40 40 52 52 52 52 52 52 52
52 52 52 52 52 52 52 40 40 40 40 40 40 40 40 40 40 39 39 40 40 40 40 40 40 40 39 40 40 40 40 40 39 39 39 40 40 40 40 39 39 40 40 52 52 52 52 52 52 52
52 52 52 52 52 52 52 40 40 40 40 40 40 40 40 40 40 39 39 40 40 40 40 40 40 40 39 40 40 40 40 40 40 40 40 40 40 40 39 39 39 40 40 52 52 52 52 52 52 52
52 52 52 52 52 52 52 40 40 40 40 40 40 40 40 40 40 39 39 40 40 40 40 40 40 40 39 40 40 40 40 40 40 40 40 40 40 40 40 39 39 40 40 52 52 52 52 52 52 52
52 52 52 52 52 52 52 40 40 40 40 40 40 40 40 40 40 39 39 40 40 40 40 40 40 40 39 40 40 40 40 40 40 40 40 40 40 40 40 40 40 40 40 52 52 52 52 52 52 52
52 52 52 52 52 52 52 40 40 40 40 40 40 40 40 40 40 39 39 40 40 40 40 40 40 39 39 39 40 40 40 40 40 40 40 40 40 40 40 40 40 40 40 52 52 52 52 52 52 52
52 52 52 52 52 52 52 40 40 40 40 40 40 40 40 40 40 39 39 40 40 40 40 40 40 39 39 39 40 40 40 40 40 40 40 40 40 40 40 40 40 40 40 52 52 52 52 52 52 52
52 52 52 52 52 52 52 40 40 40 40 40 40 40 40 39 39 39 39 39 39 40 40 40 40 40 40 40 40 40 40 40 40 40 40 40 40 40 40 40 40 40 40 52 52 52 52 52 52 52
52 52 52 52 52 52 52 40 40 40 40 40 40 40 40 39 39 39 39 39 39 40 40 40 40 40 40 40 40 40 40 40 40 40 40 40 40 40 40 40 40 40 40 52 52 52 52 52 52 52
52 52 52 52 52 52 52 40 40 39 39 39 39 39 39 39 39 39 39 39 39 40 40 40 40 40 40 40 40 40 40 40 40 40 40 40 39 39 39 39 39 40 40 52 52 52 52 52 52 52
52 52 52 52 52 52 52 40 40 39 40 40 40 40 40 39 39 39 39 39 39 40 40 40 40 40 40 40 40 40 40 40 39 39 39 39 39 39 40 40 39 40 40 52 52 52 52 52 52 52
52 52 52 52 52 52 52 40 40 39 40 40 40 40 40 39 39 39 39 39 39 40 40 40 40 40 40 40 40 40 40 39 39 39 39 39 39 40 40 40 39 40 40 52 52 52 52 52 52 52
52 52 52 52 52 52 52 40 39 39 39 40 40 40 40 39 39 39 39 39 39 39 39 39 39 39 39 39 39 39 39 39 39 39 39 39 39 40 40 40 39 40 40 52 52 52 52 52 52 52
52 52 52 52 52 52 52 40 39 51 39 40 40 40 40 40 40 40 40 40 40 40 40 40 40 40 40 40 40 40 40 40 39 39 39 39 39 40 40 40 39 40 40 52 52 52 52 52 52 52
52 52 52 52 52 52 52 40 39 39 39 40 40 40 40 40 40 40 40 40 40 40 40 40 40 40 40 40 40 40 40 40 40 40 40 40 40 40 40 40 40 40 40 52 52 52 52 52 52 52
52 52 52 52 52 52 52 40 40 40 40 40 40 40 40 40 40 40 40 40 40 40 40 40 40 40 40 40 40 40 40 40 40 40 40 40 40 40 40 40 40 40 40 52 52 52 52 52 52 52
52 52 52 52 52 52 52 52 52 52 52 52 52 52 52 52 52 52 52 52 52 52 52 52 52 52 52 52 52 52 52 52 52 52 52 52 52 52 52 52 52 52 52 52 52 52 52 52 52 52
52 52 52 52 52 52 52 52 52 52 52 52 52 52 52 52 52 52 52 52 52 52 52 52 52 52 52 52 52 52 52 52 52 52 52 52 52 52 52 52 52 52 52 52 52 52 52 52 52 52
52 52 52 52 52 52 52 52 52 52 52 52 52 52 52 52 52 52 52 52 52 52 52 52 52 52 52 52 52 52 52 52 52 52 52 52 52 52 52 52 52 52 52 52 52 52 52 52 52 52
52 52 52 52 52 52 52 52 52 52 52 52 52 52 52 52 52 52 52 52 52 52 52 52 52 52 52 52 52 52 52 52 52 52 52 52 52 52 52 52 52 52 52 52 52 52 52 52 52 52
52 52 52 52 52 52 52 52 52 52 52 52 52 52 52 52 52 52 52 52 52 52 52 52 52 52 52 52 52 52 52 52 52 52 52 52 52 52 52 52 52 52 52 52 52 52 52 52 52 52
52 52 52 52 52 52 52 52 52 52 52 52 52 52 52 52 52 52 52 52 52 52 52 52 52 52 52 52 52 52 52 52 52 52 52 52 52 52 52 52 52 52 52 52 52 52 52 52 52 52